Time resolution is 1 ps
Result Matrix (13x17)
        140         168         196         224         252         280         308         336         364         392         420         448         476         504         532         560         588 
        168         203         238         273         308         343         378         413         448         483         518         553         588         623         658         693         728 
        196         238         280         322         364         406         448         490         532         574         616         658         700         742         784         826         868 
        224         273         322         371         420         469         518         567         616         665         714         763         812         861         910         959        1008 
        252         308         364         420         476         532         588         644         700         756         812         868         924         980        1036        1092        1148 
        280         343         406         469         532         595         658         721         784         847         910         973        1036        1099        1162        1225        1288 
        308         378         448         518         588         658         728         798         868         938        1008        1078        1148        1218        1288        1358        1428 
        336         413         490         567         644         721         798         875         952        1029        1106        1183        1260        1337        1414        1491        1568 
        364         448         532         616         700         784         868         952        1036        1120        1204        1288        1372        1456        1540        1624        1708 
        392         483         574         665         756         847         938        1029        1120        1211        1302        1393        1484        1575        1666        1757        1848 
        420         518         616         714         812         910        1008        1106        1204        1302        1400        1498        1596        1694        1792        1890        1988 
        448         553         658         763         868         973        1078        1183        1288        1393        1498        1603        1708        1813        1918        2023        2128 
        476         588         700         812         924        1036        1148        1260        1372        1484        1596        1708        1820        1932        2044        2156        2268 
$finish called at time : 18765 ns : File "C:/Users/kpcha/Desktop/College/DSD/Ver2/Ver2.srcs/sim_1/new/tb.v" Line 108
